%%http://en.wikipedia.org/wiki/Scientific_pitch_notation#Table_of_note_frequencies

function pitches = semitonePitchTable()
%%Returns all hearable halfsteps from C0 to E10

pitches = [16.352 17.324 18.354 19.445 20.602 21.827 23.125 24.500 25.957 27.500 29.135 30.868 32.703 34.648 36.708 38.891 41.203 43.654 46.249 48.999 51.913 55.000 58.270 61.735 65.406 69.296 73.416 77.782 82.407 87.307 92.499 97.999 103.830 110.000 116.540 123.470 130.800 138.590 146.830 155.560 164.810 174.610 185.000 196.000 207.650 220.000 233.080 246.940 261.630 277.180 293.660 311.130 329.630 349.230 369.990 392.000 415.300 440.000 466.160 493.880 523.250 554.370 587.330 622.250 659.260 698.460 739.990 783.990 830.610 880.000 932.330 987.770 1046.500 1108.700 1174.700 1244.500 1318.500 1396.900 1480.000 1568.000 1661.200 1760.000 1864.700 1975.500 2093.000 2217.500 2349.300 2489.000 2637.000 2793.800 2960.000 3136.000 3322.400 3520.000 3729.300 3951.100 4186.000 4434.900 4698.600 4978.000 5274.000 5587.700 5919.900 6271.900 6644.900 7040.000 7458.600 7902.100 8372.000 8869.800 9397.300 9956.100 10548.100 11175.300 11839.800 12543.900 13289.800 14080.000 14917.200 15804.300 16744.000 17739.700 18794.500 19912.100 21096.200 22350.600];

end